       c1::value              param::trise              q1::cgso              r2::value              transient.sim::overshoot(v(l1:2))              transient.sim::v(q1:d)              transient.sim::yatlastx(avg(w(r2)))       
1.0000000000000e-010 1.0000000000000e-009 1.4100000000000e-010 10.000000000000 119.91663022411 100.00143432617 0.032177547717599 
1.0000000000000e-010 1.0000000000000e-009 1.4100000000000e-009 10.000000000000 119.98219251272 99.971595764160 0.032427977371297 
1.0000000000000e-010 1.0000000000000e-009 1.4100000000000e-010 21.000000000000 119.91413765501 100.00222778320 0.060323756728097 
1.0000000000000e-010 1.0000000000000e-009 1.4100000000000e-009 21.000000000000 119.91074873925 100.00392150879 0.065547800494461 
1.0000000000000e-010 1.0000000000000e-009 1.4100000000000e-010 32.000000000000 119.93096832948 99.994262695313 0.089555258203740 
1.0000000000000e-010 1.0000000000000e-009 1.4100000000000e-009 32.000000000000 119.82800604672 100.04084777832 0.089289133422635 
1.0000000000000e-010 5.0000000000000e-009 1.4100000000000e-010 10.000000000000 119.94322667600 99.989341735840 0.030882187614400 
1.0000000000000e-010 5.0000000000000e-009 1.4100000000000e-009 10.000000000000 119.94331819524 99.989265441895 0.032618461593076 
1.0000000000000e-010 5.0000000000000e-009 1.4100000000000e-010 21.000000000000 119.92817087982 99.995895385742 0.059195431143635 
1.0000000000000e-010 5.0000000000000e-009 1.4100000000000e-009 21.000000000000 119.88281824791 100.01662445068 0.067122290200737 
1.0000000000000e-010 5.0000000000000e-009 1.4100000000000e-010 32.000000000000 119.91652151251 100.00098419189 0.089483881979979 
1.0000000000000e-010 5.0000000000000e-009 1.4100000000000e-009 32.000000000000 119.91526739461 100.00115203857 0.089146276905253 
1.0000000000000e-010 1.0000000000000e-008 1.4100000000000e-010 10.000000000000 119.93268349523 99.994232177734 0.030603736975354 
1.0000000000000e-010 1.0000000000000e-008 1.4100000000000e-009 10.000000000000 119.91623514857 100.00157928467 0.032211802373293 
1.0000000000000e-010 1.0000000000000e-008 1.4100000000000e-010 21.000000000000 119.92695963889 99.996383666992 0.060898311829383 
1.0000000000000e-010 1.0000000000000e-008 1.4100000000000e-009 21.000000000000 119.86717020922 100.02374267578 0.065037712080022 
1.0000000000000e-010 1.0000000000000e-008 1.4100000000000e-010 32.000000000000 119.92580021204 99.996765136719 0.089402561776126 
1.0000000000000e-010 1.0000000000000e-008 1.4100000000000e-009 32.000000000000 119.85786802960 100.02725982666 0.090286081372047 
1.4000000000000e-010 1.0000000000000e-009 1.4100000000000e-010 10.000000000000 119.93666496416 99.992172241211 0.054651793612956 
1.4000000000000e-010 1.0000000000000e-009 1.4100000000000e-009 10.000000000000 119.92275883116 99.998474121094 0.064158251921070 
1.4000000000000e-010 1.0000000000000e-009 1.4100000000000e-010 21.000000000000 119.92554637398 99.996047973633 0.12152262004426 
1.4000000000000e-010 1.0000000000000e-009 1.4100000000000e-009 21.000000000000 119.98976256149 99.967094421387 0.11908576137831 
1.4000000000000e-010 1.0000000000000e-009 1.4100000000000e-010 32.000000000000 119.92331604763 99.996826171875 0.15833264678967 
1.4000000000000e-010 1.0000000000000e-009 1.4100000000000e-009 32.000000000000 119.98167944244 99.970344543457 0.17456064631152 
1.4000000000000e-010 5.0000000000000e-009 1.4100000000000e-010 10.000000000000 119.92459232123 99.997619628906 0.055188266874191 
1.4000000000000e-010 5.0000000000000e-009 1.4100000000000e-009 10.000000000000 119.95994745125 99.981567382813 0.063794840441827 
1.4000000000000e-010 5.0000000000000e-009 1.4100000000000e-010 21.000000000000 119.92451398698 99.996940612793 0.11613168342982 
1.4000000000000e-010 5.0000000000000e-009 1.4100000000000e-009 21.000000000000 119.85514354076 100.02830505371 0.11919919150631 
1.4000000000000e-010 5.0000000000000e-009 1.4100000000000e-010 32.000000000000 119.92230473126 99.997306823730 0.16231983616067 
1.4000000000000e-010 5.0000000000000e-009 1.4100000000000e-009 32.000000000000 119.92367455320 99.996711730957 0.17392034927879 
1.4000000000000e-010 1.0000000000000e-008 1.4100000000000e-010 10.000000000000 119.92683165023 99.996643066406 0.055056937013202 
1.4000000000000e-010 1.0000000000000e-008 1.4100000000000e-009 10.000000000000 120.00821407018 99.959632873535 0.064487026358319 
1.4000000000000e-010 1.0000000000000e-008 1.4100000000000e-010 21.000000000000 119.92267709114 99.997352600098 0.12072532743350 
1.4000000000000e-010 1.0000000000000e-008 1.4100000000000e-009 21.000000000000 119.81440273798 100.04684448242 0.11987797832058 
1.4000000000000e-010 1.0000000000000e-008 1.4100000000000e-010 32.000000000000 119.92232151045 99.997299194336 0.16239969694574 
1.4000000000000e-010 1.0000000000000e-008 1.4100000000000e-009 32.000000000000 119.94963534383 99.984909057617 0.17582567493092 
1.8000000000000e-010 1.0000000000000e-009 1.4100000000000e-010 10.000000000000 119.92439670413 99.997222900391 0.088049011092949 
1.8000000000000e-010 1.0000000000000e-009 1.4100000000000e-009 10.000000000000 120.02582738701 99.951339721680 0.096223681835488 
1.8000000000000e-010 1.0000000000000e-009 1.4100000000000e-010 21.000000000000 119.92215014411 99.996704101563 0.17384947105416 
1.8000000000000e-010 1.0000000000000e-009 1.4100000000000e-009 21.000000000000 119.93090513751 99.993354797363 0.19721771871174 
1.8000000000000e-010 1.0000000000000e-009 1.4100000000000e-010 32.000000000000 119.92349331446 99.995170593262 0.25321578941675 
1.8000000000000e-010 1.0000000000000e-009 1.4100000000000e-009 32.000000000000 119.92672439873 99.993965148926 0.25068570220962 
1.8000000000000e-010 5.0000000000000e-009 1.4100000000000e-010 10.000000000000 119.92894096524 99.995170593262 0.086200584495736 
1.8000000000000e-010 5.0000000000000e-009 1.4100000000000e-009 10.000000000000 119.93663272963 99.991874694824 0.096682382300062 
1.8000000000000e-010 5.0000000000000e-009 1.4100000000000e-010 21.000000000000 119.92374114716 99.995994567871 0.17349751551672 
1.8000000000000e-010 5.0000000000000e-009 1.4100000000000e-009 21.000000000000 119.90125797065 100.00683593750 0.19615657980246 
1.8000000000000e-010 5.0000000000000e-009 1.4100000000000e-010 32.000000000000 119.92156367264 99.996047973633 0.25355370339165 
1.8000000000000e-010 5.0000000000000e-009 1.4100000000000e-009 32.000000000000 119.92251267676 99.995880126953 0.25085901137031 
1.8000000000000e-010 1.0000000000000e-008 1.4100000000000e-010 10.000000000000 119.92231608245 99.998168945313 0.088656409601675 
1.8000000000000e-010 1.0000000000000e-008 1.4100000000000e-009 10.000000000000 119.92584294935 99.996780395508 0.096787120594955 
1.8000000000000e-010 1.0000000000000e-008 1.4100000000000e-010 21.000000000000 119.91776779959 99.998710632324 0.17317450059126 
1.8000000000000e-010 1.0000000000000e-008 1.4100000000000e-009 21.000000000000 119.93575481229 99.991149902344 0.19711432541117 
1.8000000000000e-010 1.0000000000000e-008 1.4100000000000e-010 32.000000000000 119.91978209784 99.996948242188 0.24843360425443 
1.8000000000000e-010 1.0000000000000e-008 1.4100000000000e-009 32.000000000000 119.91340181425 100.00002288818 0.25213868582428 
2.2000000000000e-010 1.0000000000000e-009 1.4100000000000e-010 10.000000000000 119.92341678220 99.996856689453 0.12376640550912 
2.2000000000000e-010 1.0000000000000e-009 1.4100000000000e-009 10.000000000000 119.92673063697 99.996231079102 0.13434237868042 
2.2000000000000e-010 1.0000000000000e-009 1.4100000000000e-010 21.000000000000 119.91876927997 99.997436523438 0.24572881918469 
2.2000000000000e-010 1.0000000000000e-009 1.4100000000000e-009 21.000000000000 119.93700960193 99.989372253418 0.25666629341384 
2.2000000000000e-010 1.0000000000000e-009 1.4100000000000e-010 32.000000000000 119.91023911187 99.998817443848 0.33980985866424 
2.2000000000000e-010 1.0000000000000e-009 1.4100000000000e-009 32.000000000000 119.68488897825 100.10209655762 0.34121069538224 
2.2000000000000e-010 5.0000000000000e-009 1.4100000000000e-010 10.000000000000 119.92282178849 99.997009277344 0.12331510424760 
2.2000000000000e-010 5.0000000000000e-009 1.4100000000000e-009 10.000000000000 119.99630606538 99.964599609375 0.13702442845399 
2.2000000000000e-010 5.0000000000000e-009 1.4100000000000e-010 21.000000000000 119.91860149110 99.997512817383 0.24512513444879 
2.2000000000000e-010 5.0000000000000e-009 1.4100000000000e-009 21.000000000000 119.95103995270 99.982994079590 0.25826725242756 
2.2000000000000e-010 5.0000000000000e-009 1.4100000000000e-010 32.000000000000 119.90450117937 100.00142669678 0.33858690457295 
2.2000000000000e-010 5.0000000000000e-009 1.4100000000000e-009 32.000000000000 119.98876851962 99.963821411133 0.34085804017810 
2.2000000000000e-010 1.0000000000000e-008 1.4100000000000e-010 10.000000000000 119.92423289295 99.996513366699 0.12320433046160 
2.2000000000000e-010 1.0000000000000e-008 1.4100000000000e-009 10.000000000000 119.89685026918 100.01004791260 0.13365719644661 
2.2000000000000e-010 1.0000000000000e-008 1.4100000000000e-010 21.000000000000 119.91869158843 99.997596740723 0.24980275163523 
2.2000000000000e-010 1.0000000000000e-008 1.4100000000000e-009 21.000000000000 119.91590031788 99.998970031738 0.25673120499145 
2.2000000000000e-010 1.0000000000000e-008 1.4100000000000e-010 32.000000000000 119.91030622396 99.998786926270 0.33832643091373 
2.2000000000000e-010 1.0000000000000e-008 1.4100000000000e-009 32.000000000000 119.85852572511 100.02310180664 0.34222651330091 
2.6000000000000e-010 1.0000000000000e-009 1.4100000000000e-010 10.000000000000 119.91943082763 99.996566772461 0.16830136638148 
2.6000000000000e-010 1.0000000000000e-009 1.4100000000000e-009 10.000000000000 119.92700317252 99.995399475098 0.17750416774286 
2.6000000000000e-010 1.0000000000000e-009 1.4100000000000e-010 21.000000000000 119.93593107299 99.987586975098 0.31907196159156 
2.6000000000000e-010 1.0000000000000e-009 1.4100000000000e-009 21.000000000000 119.90266563653 100.00305938721 0.32762810720031 
2.6000000000000e-010 1.0000000000000e-009 1.4100000000000e-010 32.000000000000 119.90158499023 99.999595642090 0.42210841541466 
2.6000000000000e-010 1.0000000000000e-009 1.4100000000000e-009 32.000000000000 119.91466228167 99.994766235352 0.44487081231531 
2.6000000000000e-010 5.0000000000000e-009 1.4100000000000e-010 10.000000000000 119.93536486499 99.989891052246 0.17178122468402 
2.6000000000000e-010 5.0000000000000e-009 1.4100000000000e-009 10.000000000000 119.85383221366 100.02868652344 0.17786868364463 
2.6000000000000e-010 5.0000000000000e-009 1.4100000000000e-010 21.000000000000 119.91508997419 99.997062683105 0.31872732988375 
2.6000000000000e-010 5.0000000000000e-009 1.4100000000000e-009 21.000000000000 119.95277236302 99.980278015137 0.33017217419484 
2.6000000000000e-010 5.0000000000000e-009 1.4100000000000e-010 32.000000000000 119.89960529523 100.00049591064 0.42376001199765 
2.6000000000000e-010 5.0000000000000e-009 1.4100000000000e-009 32.000000000000 119.88922820592 100.00633239746 0.44600913601723 
2.6000000000000e-010 1.0000000000000e-008 1.4100000000000e-010 10.000000000000 119.91165525622 100.00067138672 0.16819284971892 
2.6000000000000e-010 1.0000000000000e-008 1.4100000000000e-009 10.000000000000 119.83874292730 100.03554534912 0.17578998561452 
2.6000000000000e-010 1.0000000000000e-008 1.4100000000000e-010 21.000000000000 119.91425104325 99.997444152832 0.31830864357268 
2.6000000000000e-010 1.0000000000000e-008 1.4100000000000e-009 21.000000000000 119.91847045078 99.995872497559 0.32958809572521 
2.6000000000000e-010 1.0000000000000e-008 1.4100000000000e-010 32.000000000000 119.89940397231 100.00058746338 0.42443810652072 
2.6000000000000e-010 1.0000000000000e-008 1.4100000000000e-009 32.000000000000 119.89401521896 100.00405120850 0.44957330431122 
3.0000000000000e-010 1.0000000000000e-009 1.4100000000000e-010 10.000000000000 119.91367786452 99.998100280762 0.22576095950912 
3.0000000000000e-010 1.0000000000000e-009 1.4100000000000e-009 10.000000000000 119.96683265095 99.974449157715 0.21564110364151 
3.0000000000000e-010 1.0000000000000e-009 1.4100000000000e-010 21.000000000000 119.90752616076 99.997268676758 0.37848017260645 
3.0000000000000e-010 1.0000000000000e-009 1.4100000000000e-009 21.000000000000 119.95940413611 99.974044799805 0.38231385765435 
3.0000000000000e-010 1.0000000000000e-009 1.4100000000000e-010 32.000000000000 119.89853681552 99.997123718262 0.51085732700464 
3.0000000000000e-010 1.0000000000000e-009 1.4100000000000e-009 32.000000000000 119.87776738727 100.00703430176 0.54659613407535 
3.0000000000000e-010 5.0000000000000e-009 1.4100000000000e-010 10.000000000000 119.91601008697 99.997039794922 0.22708340945354 
3.0000000000000e-010 5.0000000000000e-009 1.4100000000000e-009 10.000000000000 119.90014361650 100.00476837158 0.21179169221900 
3.0000000000000e-010 5.0000000000000e-009 1.4100000000000e-010 21.000000000000 119.90752616076 99.997268676758 0.37661333988376 
3.0000000000000e-010 5.0000000000000e-009 1.4100000000000e-009 21.000000000000 119.88761737421 100.00668334961 0.38384558305036 
3.0000000000000e-010 5.0000000000000e-009 1.4100000000000e-010 32.000000000000 119.91380531826 99.990180969238 0.50998480755885 
3.0000000000000e-010 5.0000000000000e-009 1.4100000000000e-009 32.000000000000 119.88816785990 100.00230407715 0.54591952798870 
3.0000000000000e-010 1.0000000000000e-008 1.4100000000000e-010 10.000000000000 119.91324162696 99.998298645020 0.22811290117376 
3.0000000000000e-010 1.0000000000000e-008 1.4100000000000e-009 10.000000000000 119.93952452555 99.986862182617 0.21126407453417 
3.0000000000000e-010 1.0000000000000e-008 1.4100000000000e-010 21.000000000000 119.90752616076 99.997268676758 0.37640322528706 
3.0000000000000e-010 1.0000000000000e-008 1.4100000000000e-009 21.000000000000 119.84121082069 100.02779388428 0.38410204737811 
3.0000000000000e-010 1.0000000000000e-008 1.4100000000000e-010 32.000000000000 119.90055012309 99.996208190918 0.50936960147316 
3.0000000000000e-010 1.0000000000000e-008 1.4100000000000e-009 32.000000000000 119.88367205100 100.00434875488 0.54609897337603 
3.4000000000000e-010 1.0000000000000e-009 1.4100000000000e-010 10.000000000000 119.90857932497 99.997573852539 0.24403193384071 
3.4000000000000e-010 1.0000000000000e-009 1.4100000000000e-009 10.000000000000 119.90032177302 100.00134277344 0.24980982563014 
3.4000000000000e-010 1.0000000000000e-009 1.4100000000000e-010 21.000000000000 119.90338118546 99.995094299316 0.45989841373609 
3.4000000000000e-010 1.0000000000000e-009 1.4100000000000e-009 21.000000000000 119.90222760918 99.995140075684 0.45355289794633 
3.4000000000000e-010 1.0000000000000e-009 1.4100000000000e-010 32.000000000000 119.88612508113 99.997230529785 0.62718312434762 
3.4000000000000e-010 1.0000000000000e-009 1.4100000000000e-009 32.000000000000 119.89372228075 99.994018554688 0.60370192124053 
3.4000000000000e-010 5.0000000000000e-009 1.4100000000000e-010 10.000000000000 119.90869677173 99.997520446777 0.24306185483270 
3.4000000000000e-010 5.0000000000000e-009 1.4100000000000e-009 10.000000000000 119.89669803576 100.00299072266 0.24818582042801 
3.4000000000000e-010 5.0000000000000e-009 1.4100000000000e-010 21.000000000000 119.90364811710 99.994979858398 0.45927394345600 
3.4000000000000e-010 5.0000000000000e-009 1.4100000000000e-009 21.000000000000 119.97389311932 99.962562561035 0.45717588905682 
3.4000000000000e-010 5.0000000000000e-009 1.4100000000000e-010 32.000000000000 119.88615863403 99.997215270996 0.62738394022120 
3.4000000000000e-010 5.0000000000000e-009 1.4100000000000e-009 32.000000000000 119.91456198903 99.984542846680 0.60214953464323 
3.4000000000000e-010 1.0000000000000e-008 1.4100000000000e-010 10.000000000000 119.90887981222 99.997444152832 0.24334982481115 
3.4000000000000e-010 1.0000000000000e-008 1.4100000000000e-009 10.000000000000 119.93956980053 99.983497619629 0.24660827018450 
3.4000000000000e-010 1.0000000000000e-008 1.4100000000000e-010 21.000000000000 119.90400045901 99.994819641113 0.46096275347288 
3.4000000000000e-010 1.0000000000000e-008 1.4100000000000e-009 21.000000000000 119.92932745708 99.982818603516 0.45352675132287 
3.4000000000000e-010 1.0000000000000e-008 1.4100000000000e-010 32.000000000000 119.88619218693 99.997200012207 0.62708169140651 
3.4000000000000e-010 1.0000000000000e-008 1.4100000000000e-009 32.000000000000 119.85678429259 100.01081848145 0.60598615685134 
3.8000000000000e-010 1.0000000000000e-009 1.4100000000000e-010 10.000000000000 119.90020963804 99.997535705566 0.28157483665753 
3.8000000000000e-010 1.0000000000000e-009 1.4100000000000e-009 10.000000000000 119.88659602142 100.00345611572 0.29061598552690 
3.8000000000000e-010 1.0000000000000e-009 1.4100000000000e-010 21.000000000000 119.88886380403 99.995582580566 0.53145149942864 
3.8000000000000e-010 1.0000000000000e-009 1.4100000000000e-009 21.000000000000 119.86462915144 100.00604248047 0.50920640143591 
3.8000000000000e-010 1.0000000000000e-009 1.4100000000000e-010 32.000000000000 119.86581091285 99.996406555176 0.67577082183180 
3.8000000000000e-010 1.0000000000000e-009 1.4100000000000e-009 32.000000000000 119.82253928103 100.01663208008 0.69102813145328 
3.8000000000000e-010 5.0000000000000e-009 1.4100000000000e-010 10.000000000000 119.90027674793 99.997505187988 0.28018581339266 
3.8000000000000e-010 5.0000000000000e-009 1.4100000000000e-009 10.000000000000 119.88256999046 100.00528717041 0.29327480401470 
3.8000000000000e-010 5.0000000000000e-009 1.4100000000000e-010 21.000000000000 119.87730510684 100.00083923340 0.52936824077950 
3.8000000000000e-010 5.0000000000000e-009 1.4100000000000e-009 21.000000000000 119.89370116980 99.992820739746 0.51064199857201 
3.8000000000000e-010 5.0000000000000e-009 1.4100000000000e-010 32.000000000000 119.86579565352 99.996406555176 0.67703855369554 
3.8000000000000e-010 5.0000000000000e-009 1.4100000000000e-009 32.000000000000 119.82406521055 100.01593780518 0.69158287305459 
3.8000000000000e-010 1.0000000000000e-008 1.4100000000000e-010 10.000000000000 119.90036063536 99.997467041016 0.28206764971133 
3.8000000000000e-010 1.0000000000000e-008 1.4100000000000e-009 10.000000000000 119.90961432919 99.992988586426 0.28994058055832 
3.8000000000000e-010 1.0000000000000e-008 1.4100000000000e-010 21.000000000000 119.87658377706 100.00116729736 0.52905482142409 
3.8000000000000e-010 1.0000000000000e-008 1.4100000000000e-009 21.000000000000 119.91246030852 99.984291076660 0.50791150195413 
3.8000000000000e-010 1.0000000000000e-008 1.4100000000000e-010 32.000000000000 119.86687906647 99.996406555176 0.67954061468977 
3.8000000000000e-010 1.0000000000000e-008 1.4100000000000e-009 32.000000000000 119.84690637963 100.00554656982 0.69350277323890 
4.2000000000000e-010 1.0000000000000e-009 1.4100000000000e-010 10.000000000000 119.89023976195 99.996566772461 0.31892636769283 
4.2000000000000e-010 1.0000000000000e-009 1.4100000000000e-009 10.000000000000 119.84447788951 100.01670837402 0.31185476424954 
4.2000000000000e-010 1.0000000000000e-009 1.4100000000000e-010 21.000000000000 119.86107953288 99.996795654297 0.58225065810008 
4.2000000000000e-010 1.0000000000000e-009 1.4100000000000e-009 21.000000000000 119.81045095683 100.01943206787 0.56897530506125 
4.2000000000000e-010 1.0000000000000e-009 1.4100000000000e-010 32.000000000000 119.79618035777 99.997573852539 0.73015545421810 
4.2000000000000e-010 1.0000000000000e-009 1.4100000000000e-009 32.000000000000 119.86363581556 99.973556518555 0.74280585267090 
4.2000000000000e-010 5.0000000000000e-009 1.4100000000000e-010 10.000000000000 119.89025653883 99.996559143066 0.32007036870095 
4.2000000000000e-010 5.0000000000000e-009 1.4100000000000e-009 10.000000000000 119.89513496109 99.993667602539 0.30838308095359 
4.2000000000000e-010 5.0000000000000e-009 1.4100000000000e-010 21.000000000000 119.85859691913 99.997924804688 0.58052107427822 
4.2000000000000e-010 5.0000000000000e-009 1.4100000000000e-009 21.000000000000 119.99546215272 99.935317993164 0.56702615674935 
4.2000000000000e-010 5.0000000000000e-009 1.4100000000000e-010 32.000000000000 119.79601266265 99.997650146484 0.73227764995237 
4.2000000000000e-010 5.0000000000000e-009 1.4100000000000e-009 32.000000000000 119.86002845402 99.975196838379 0.74570262114237 
4.2000000000000e-010 1.0000000000000e-008 1.4100000000000e-010 10.000000000000 119.89027331570 99.996551513672 0.32032930468141 
4.2000000000000e-010 1.0000000000000e-008 1.4100000000000e-009 10.000000000000 119.90325568222 99.989974975586 0.31386898046687 
4.2000000000000e-010 1.0000000000000e-008 1.4100000000000e-010 21.000000000000 119.86060984490 99.997009277344 0.57695028636836 
4.2000000000000e-010 1.0000000000000e-008 1.4100000000000e-009 21.000000000000 119.73718705292 100.05278015137 0.56838040886131 
4.2000000000000e-010 1.0000000000000e-008 1.4100000000000e-010 32.000000000000 119.79619712730 99.997566223145 0.72960488055141 
4.2000000000000e-010 1.0000000000000e-008 1.4100000000000e-009 32.000000000000 119.78879473575 100.00759887695 0.74438834525501 
4.6000000000000e-010 1.0000000000000e-009 1.4100000000000e-010 10.000000000000 119.87249376469 99.997024536133 0.35792572885184 
4.6000000000000e-010 1.0000000000000e-009 1.4100000000000e-009 10.000000000000 119.83715423921 100.01255798340 0.34470233799718 
4.6000000000000e-010 1.0000000000000e-009 1.4100000000000e-010 21.000000000000 119.75642120387 99.997619628906 0.62875072866980 
4.6000000000000e-010 1.0000000000000e-009 1.4100000000000e-009 21.000000000000 119.42802990325 99.973503112793 0.60920996621797 
4.6000000000000e-010 1.0000000000000e-009 1.4100000000000e-010 32.000000000000 113.35356841728 99.995491027832 0.80939691807930 
4.6000000000000e-010 1.0000000000000e-009 1.4100000000000e-009 32.000000000000 114.33236216399 99.963516235352 0.79454770659424 
4.6000000000000e-010 5.0000000000000e-009 1.4100000000000e-010 10.000000000000 119.86944067716 99.998413085938 0.35792189768758 
4.6000000000000e-010 5.0000000000000e-009 1.4100000000000e-009 10.000000000000 119.85951110634 100.00238800049 0.34579616128095 
4.6000000000000e-010 5.0000000000000e-009 1.4100000000000e-010 21.000000000000 119.75675653406 99.997467041016 0.62988754288447 
4.6000000000000e-010 5.0000000000000e-009 1.4100000000000e-009 21.000000000000 119.34697830099 100.01044464111 0.61068886784877 
4.6000000000000e-010 5.0000000000000e-009 1.4100000000000e-010 32.000000000000 113.35084997256 99.996765136719 0.80953550070908 
4.6000000000000e-010 5.0000000000000e-009 1.4100000000000e-009 32.000000000000 114.36968068581 99.946121215820 0.79168045953368 
4.6000000000000e-010 1.0000000000000e-008 1.4100000000000e-010 10.000000000000 119.87299702902 99.996795654297 0.36154371293276 
4.6000000000000e-010 1.0000000000000e-008 1.4100000000000e-009 10.000000000000 119.85543520950 100.00424194336 0.34880995629797 
4.6000000000000e-010 1.0000000000000e-008 1.4100000000000e-010 21.000000000000 119.75756133067 99.997100830078 0.62839504700105 
4.6000000000000e-010 1.0000000000000e-008 1.4100000000000e-009 21.000000000000 119.40867385081 99.982322692871 0.60906098193702 
4.6000000000000e-010 1.0000000000000e-008 1.4100000000000e-010 32.000000000000 113.35170247604 99.996665954590 0.81129810342860 
4.6000000000000e-010 1.0000000000000e-008 1.4100000000000e-009 32.000000000000 114.39126687681 99.936058044434 0.78703297219542 
5.0000000000000e-010 1.0000000000000e-009 1.4100000000000e-010 10.000000000000 119.83430883250 99.996902465820 0.39612380120528 
5.0000000000000e-010 1.0000000000000e-009 1.4100000000000e-009 10.000000000000 119.82100438505 99.998664855957 0.37336407578804 
5.0000000000000e-010 1.0000000000000e-009 1.4100000000000e-010 21.000000000000 113.21583711667 99.996986389160 0.68023948675268 
5.0000000000000e-010 1.0000000000000e-009 1.4100000000000e-009 21.000000000000 112.36732311121 100.00445556641 0.67588324969640 
5.0000000000000e-010 1.0000000000000e-009 1.4100000000000e-010 32.000000000000 106.98435882537 99.998046875000 0.86055290613870 
5.0000000000000e-010 1.0000000000000e-009 1.4100000000000e-009 32.000000000000 107.58435962362 100.03066253662 0.86477301257576 
5.0000000000000e-010 5.0000000000000e-009 1.4100000000000e-010 10.000000000000 119.83430883250 99.996902465820 0.39880800012890 
5.0000000000000e-010 5.0000000000000e-009 1.4100000000000e-009 10.000000000000 119.82083667282 99.998741149902 0.37477463558117 
5.0000000000000e-010 5.0000000000000e-009 1.4100000000000e-010 21.000000000000 113.21578831398 99.997009277344 0.67956544142691 
5.0000000000000e-010 5.0000000000000e-009 1.4100000000000e-009 21.000000000000 112.41195174677 99.983444213867 0.67013376808799 
5.0000000000000e-010 5.0000000000000e-009 1.4100000000000e-010 32.000000000000 106.98555902142 99.997467041016 0.86205635293963 
5.0000000000000e-010 5.0000000000000e-009 1.4100000000000e-009 32.000000000000 107.56558388793 100.03971099854 0.86793494251811 
5.0000000000000e-010 1.0000000000000e-008 1.4100000000000e-010 10.000000000000 119.83429205996 99.996910095215 0.39942157487820 
5.0000000000000e-010 1.0000000000000e-008 1.4100000000000e-009 10.000000000000 119.82061864731 99.998840332031 0.37738073109366 
5.0000000000000e-010 1.0000000000000e-008 1.4100000000000e-010 21.000000000000 113.21868397902 99.995651245117 0.68007829642864 
5.0000000000000e-010 1.0000000000000e-008 1.4100000000000e-009 21.000000000000 112.34120931277 100.01675415039 0.67042463607748 
5.0000000000000e-010 1.0000000000000e-008 1.4100000000000e-010 32.000000000000 106.98705928607 99.996742248535 0.85904530176098 
5.0000000000000e-010 1.0000000000000e-008 1.4100000000000e-009 32.000000000000 107.66104927395 99.993721008301 0.86610049485360 
5.4000000000000e-010 1.0000000000000e-009 1.4100000000000e-010 10.000000000000 116.02059790287 99.995246887207 0.41851772169822 
5.4000000000000e-010 1.0000000000000e-009 1.4100000000000e-009 10.000000000000 115.49979257097 100.00685119629 0.41062475656227 
5.4000000000000e-010 1.0000000000000e-009 1.4100000000000e-010 21.000000000000 106.73036669287 99.996528625488 0.73317170510951 
5.4000000000000e-010 1.0000000000000e-009 1.4100000000000e-009 21.000000000000 105.69206906762 99.994789123535 0.71517715124112 
5.4000000000000e-010 1.0000000000000e-009 1.4100000000000e-010 32.000000000000 101.10963004117 99.997642517090 0.89125248882043 
5.4000000000000e-010 1.0000000000000e-009 1.4100000000000e-009 32.000000000000 101.39026484960 99.983100891113 0.92014510695292 
5.4000000000000e-010 5.0000000000000e-009 1.4100000000000e-010 10.000000000000 116.01723565840 99.996803283691 0.41867365640305 
5.4000000000000e-010 5.0000000000000e-009 1.4100000000000e-009 10.000000000000 115.49780332477 100.00777435303 0.40265787750314 
5.4000000000000e-010 5.0000000000000e-009 1.4100000000000e-010 21.000000000000 106.72443679466 99.999389648438 0.73224473202078 
5.4000000000000e-010 5.0000000000000e-009 1.4100000000000e-009 21.000000000000 105.66736987102 100.00679779053 0.71564755656979 
5.4000000000000e-010 5.0000000000000e-009 1.4100000000000e-010 32.000000000000 101.10953797836 99.997688293457 0.89047986263839 
5.4000000000000e-010 5.0000000000000e-009 1.4100000000000e-009 32.000000000000 101.34534043531 100.00540924072 0.92076579041400 
5.4000000000000e-010 1.0000000000000e-008 1.4100000000000e-010 10.000000000000 116.01621382052 99.997276306152 0.41628874458210 
5.4000000000000e-010 1.0000000000000e-008 1.4100000000000e-009 10.000000000000 115.39677820515 100.05467987061 0.40375678320640 
5.4000000000000e-010 1.0000000000000e-008 1.4100000000000e-010 21.000000000000 106.78867410376 99.996505737305 0.72622594122332 
5.4000000000000e-010 1.0000000000000e-008 1.4100000000000e-009 21.000000000000 105.72804572571 99.977302551270 0.71099460448935 
5.4000000000000e-010 1.0000000000000e-008 1.4100000000000e-010 32.000000000000 101.10943057186 99.997741699219 0.88958610130120 
5.4000000000000e-010 1.0000000000000e-008 1.4100000000000e-009 32.000000000000 101.41588565583 99.970382690430 0.92391894811921 
5.8000000000000e-010 1.0000000000000e-009 1.4100000000000e-010 10.000000000000 111.14570051399 99.996765136719 0.45101821148543 
5.8000000000000e-010 1.0000000000000e-009 1.4100000000000e-009 10.000000000000 110.05968465573 100.00144195557 0.43337486846071 
5.8000000000000e-010 1.0000000000000e-009 1.4100000000000e-010 21.000000000000 100.42474232782 99.996719360352 0.77067004630523 
5.8000000000000e-010 1.0000000000000e-009 1.4100000000000e-009 21.000000000000 100.50003712316 99.983421325684 0.75059099925208 
5.8000000000000e-010 1.0000000000000e-009 1.4100000000000e-010 32.000000000000 96.374401305698 99.997375488281 0.97287801150752 
5.8000000000000e-010 1.0000000000000e-009 1.4100000000000e-009 32.000000000000 94.600544297386 99.999794006348 0.98463394291198 
5.8000000000000e-010 5.0000000000000e-009 1.4100000000000e-010 10.000000000000 111.14566829468 99.996780395508 0.45281763058855 
5.8000000000000e-010 5.0000000000000e-009 1.4100000000000e-009 10.000000000000 110.06399575193 99.999389648438 0.42574172996782 
5.8000000000000e-010 5.0000000000000e-009 1.4100000000000e-010 21.000000000000 100.42480349462 99.996688842773 0.76764902247312 
5.8000000000000e-010 5.0000000000000e-009 1.4100000000000e-009 21.000000000000 100.50055730667 99.983161926270 0.75068132291141 
5.8000000000000e-010 5.0000000000000e-009 1.4100000000000e-010 32.000000000000 96.374416288271 99.997367858887 0.97406776334727 
5.8000000000000e-010 5.0000000000000e-009 1.4100000000000e-009 32.000000000000 94.602192314342 99.998947143555 0.98701159236718 
5.8000000000000e-010 1.0000000000000e-008 1.4100000000000e-010 10.000000000000 111.14571662365 99.996757507324 0.45182213458471 
5.8000000000000e-010 1.0000000000000e-008 1.4100000000000e-009 10.000000000000 110.07664158642 99.993370056152 0.43487369427874 
5.8000000000000e-010 1.0000000000000e-008 1.4100000000000e-010 21.000000000000 100.42486466146 99.996658325195 0.76870349173505 
5.8000000000000e-010 1.0000000000000e-008 1.4100000000000e-009 21.000000000000 100.62036316709 99.923454284668 0.74498739698999 
5.8000000000000e-010 1.0000000000000e-008 1.4100000000000e-010 32.000000000000 96.374446253422 99.997352600098 0.97181476236692 
5.8000000000000e-010 1.0000000000000e-008 1.4100000000000e-009 32.000000000000 94.597708585800 100.00125122070 0.98011787546591 
6.2000000000000e-010 1.0000000000000e-009 1.4100000000000e-010 10.000000000000 105.80879868819 99.996734619141 0.47861792127097 
6.2000000000000e-010 1.0000000000000e-009 1.4100000000000e-009 10.000000000000 105.50932497658 100.00218200684 0.46726431581074 
6.2000000000000e-010 1.0000000000000e-009 1.4100000000000e-010 21.000000000000 94.719501156347 99.996887207031 0.80805365218601 
6.2000000000000e-010 1.0000000000000e-009 1.4100000000000e-009 21.000000000000 96.211574179430 99.973709106445 0.79671299393726 
6.2000000000000e-010 1.0000000000000e-009 1.4100000000000e-010 32.000000000000 91.355448721177 99.997650146484 1.0107010116977 
6.2000000000000e-010 1.0000000000000e-009 1.4100000000000e-009 32.000000000000 89.226339931627 100.04183959961 1.0248898627502 
6.2000000000000e-010 5.0000000000000e-009 1.4100000000000e-010 10.000000000000 105.80884579563 99.996711730957 0.47894764108591 
6.2000000000000e-010 5.0000000000000e-009 1.4100000000000e-009 10.000000000000 105.45872635159 100.02680969238 0.46266556664666 
6.2000000000000e-010 5.0000000000000e-009 1.4100000000000e-010 21.000000000000 94.711716723698 100.00088500977 0.80918484545139 
6.2000000000000e-010 5.0000000000000e-009 1.4100000000000e-009 21.000000000000 96.150889607172 100.00463867188 0.79553687772677 
6.2000000000000e-010 5.0000000000000e-009 1.4100000000000e-010 32.000000000000 91.355463320783 99.997642517090 1.0126583272013 
6.2000000000000e-010 5.0000000000000e-009 1.4100000000000e-009 32.000000000000 89.303706133784 100.00095367432 1.0286713433575 
6.2000000000000e-010 1.0000000000000e-008 1.4100000000000e-010 10.000000000000 105.80831191252 99.996971130371 0.47885192143211 
6.2000000000000e-010 1.0000000000000e-008 1.4100000000000e-009 10.000000000000 105.44224172396 100.03483581543 0.47203774568807 
6.2000000000000e-010 1.0000000000000e-008 1.4100000000000e-010 21.000000000000 94.724879314962 99.994125366211 0.81154359358195 
6.2000000000000e-010 1.0000000000000e-008 1.4100000000000e-009 21.000000000000 96.167785905186 99.996025085449 0.79028706221667 
6.2000000000000e-010 1.0000000000000e-008 1.4100000000000e-010 32.000000000000 91.355492520002 99.997627258301 1.0113637035925 
6.2000000000000e-010 1.0000000000000e-008 1.4100000000000e-009 32.000000000000 89.350193798021 99.976402282715 1.0284615995396 
6.6000000000000e-010 1.0000000000000e-009 1.4100000000000e-010 10.000000000000 100.60066017076 99.997802734375 0.51440349985042 
6.6000000000000e-010 1.0000000000000e-009 1.4100000000000e-009 10.000000000000 98.620294508216 99.974143981934 0.50562617714138 
6.6000000000000e-010 1.0000000000000e-009 1.4100000000000e-010 21.000000000000 90.800076756950 99.993171691895 0.84592252489652 
6.6000000000000e-010 1.0000000000000e-009 1.4100000000000e-009 21.000000000000 91.078169711455 99.987503051758 0.83250965225111 
6.6000000000000e-010 1.0000000000000e-009 1.4100000000000e-010 32.000000000000 86.270499901959 99.996719360352 1.0553026211558 
6.6000000000000e-010 1.0000000000000e-009 1.4100000000000e-009 32.000000000000 86.301251119871 99.985496520996 1.1050814836872 
6.6000000000000e-010 5.0000000000000e-009 1.4100000000000e-010 10.000000000000 100.60171621801 99.997276306152 0.51907674053906 
6.6000000000000e-010 5.0000000000000e-009 1.4100000000000e-009 10.000000000000 98.603365085256 99.982666015625 0.49675595933470 
6.6000000000000e-010 5.0000000000000e-009 1.4100000000000e-010 21.000000000000 90.792317719957 99.997238159180 0.84461360426523 
6.6000000000000e-010 5.0000000000000e-009 1.4100000000000e-009 21.000000000000 91.050107469113 100.00218963623 0.82875442146296 
6.6000000000000e-010 5.0000000000000e-009 1.4100000000000e-010 32.000000000000 86.270499901959 99.996719360352 1.0542741310130 
6.6000000000000e-010 5.0000000000000e-009 1.4100000000000e-009 32.000000000000 86.282800943677 99.995399475098 1.1018615422461 
6.6000000000000e-010 1.0000000000000e-008 1.4100000000000e-010 10.000000000000 100.60238964525 99.996940612793 0.51840241398682 
6.6000000000000e-010 1.0000000000000e-008 1.4100000000000e-009 10.000000000000 98.580786909131 99.994033813477 0.50456096827694 
6.6000000000000e-010 1.0000000000000e-008 1.4100000000000e-010 21.000000000000 90.781517259479 100.00289916992 0.84143093983760 
6.6000000000000e-010 1.0000000000000e-008 1.4100000000000e-009 21.000000000000 91.053416198351 100.00045776367 0.82361297930644 
6.6000000000000e-010 1.0000000000000e-008 1.4100000000000e-010 32.000000000000 86.270855197076 99.996528625488 1.0532326955413 
6.6000000000000e-010 1.0000000000000e-008 1.4100000000000e-009 32.000000000000 86.259381023165 100.00797271729 1.1092856892295 
7.0000000000000e-010 1.0000000000000e-009 1.4100000000000e-010 10.000000000000 97.344867929313 99.994979858398 0.54847462166855 
7.0000000000000e-010 1.0000000000000e-009 1.4100000000000e-009 10.000000000000 95.607825926328 99.991828918457 0.52827315749642 
7.0000000000000e-010 1.0000000000000e-009 1.4100000000000e-010 21.000000000000 86.545859054734 99.996871948242 0.88376130507013 
7.0000000000000e-010 1.0000000000000e-009 1.4100000000000e-009 21.000000000000 86.627142100758 100.00198364258 0.86184321506202 
7.0000000000000e-010 1.0000000000000e-009 1.4100000000000e-010 32.000000000000 78.532330733906 99.997428894043 1.0965960215519 
7.0000000000000e-010 1.0000000000000e-009 1.4100000000000e-009 32.000000000000 81.731978667352 100.02171325684 1.1504347364460 
7.0000000000000e-010 5.0000000000000e-009 1.4100000000000e-010 10.000000000000 97.341525337604 99.996673583984 0.54479523277981 
7.0000000000000e-010 5.0000000000000e-009 1.4100000000000e-009 10.000000000000 95.608348299654 99.991561889648 0.52516761336391 
7.0000000000000e-010 5.0000000000000e-009 1.4100000000000e-010 21.000000000000 86.547296641562 99.997009277344 0.88490011859168 
7.0000000000000e-010 5.0000000000000e-009 1.4100000000000e-009 21.000000000000 86.657189621033 99.985885620117 0.85592831794452 
7.0000000000000e-010 5.0000000000000e-009 1.4100000000000e-010 32.000000000000 78.532276248779 99.997459411621 1.0967212266652 
7.0000000000000e-010 5.0000000000000e-009 1.4100000000000e-009 32.000000000000 81.853241478863 99.955017089844 1.1477111278858 
7.0000000000000e-010 1.0000000000000e-008 1.4100000000000e-010 10.000000000000 97.340862855395 99.997009277344 0.54586850969217 
7.0000000000000e-010 1.0000000000000e-008 1.4100000000000e-009 10.000000000000 95.605184252527 99.993179321289 0.53306418960137 
7.0000000000000e-010 1.0000000000000e-008 1.4100000000000e-010 21.000000000000 86.545232815186 99.997207641602 0.88626330460175 
7.0000000000000e-010 1.0000000000000e-008 1.4100000000000e-009 21.000000000000 86.643731123098 99.993095397949 0.86105132128063 
7.0000000000000e-010 1.0000000000000e-008 1.4100000000000e-010 32.000000000000 78.532194521149 99.997505187988 1.0950213670156 
7.0000000000000e-010 1.0000000000000e-008 1.4100000000000e-009 32.000000000000 81.773020961866 99.999137878418 1.1551316313728 
7.4000000000000e-010 1.0000000000000e-009 1.4100000000000e-010 10.000000000000 93.269510572978 99.996292114258 0.57922125276383 
7.4000000000000e-010 1.0000000000000e-009 1.4100000000000e-009 10.000000000000 92.348935107230 99.994178771973 0.55586569169161 
7.4000000000000e-010 1.0000000000000e-009 1.4100000000000e-010 21.000000000000 82.710400730454 100.00201416016 0.92212455968484 
7.4000000000000e-010 1.0000000000000e-009 1.4100000000000e-009 21.000000000000 82.033647772465 99.977760314941 0.89427868389530 
7.4000000000000e-010 1.0000000000000e-009 1.4100000000000e-010 32.000000000000 74.867662541770 100.00152587891 1.1363390049736 
7.4000000000000e-010 1.0000000000000e-009 1.4100000000000e-009 32.000000000000 77.517293996025 99.999618530273 1.1625264869802 
7.4000000000000e-010 5.0000000000000e-009 1.4100000000000e-010 10.000000000000 93.268139219567 99.997001647949 0.58246533977795 
7.4000000000000e-010 5.0000000000000e-009 1.4100000000000e-009 10.000000000000 92.284206766473 100.02783966064 0.55194096891250 
7.4000000000000e-010 5.0000000000000e-009 1.4100000000000e-010 21.000000000000 82.709843155493 100.00231933594 0.91883223742921 
7.4000000000000e-010 5.0000000000000e-009 1.4100000000000e-009 21.000000000000 81.938709597950 100.02993011475 0.89231913715174 
7.4000000000000e-010 5.0000000000000e-009 1.4100000000000e-010 32.000000000000 74.873559524643 99.998153686523 1.1360451625302 
7.4000000000000e-010 5.0000000000000e-009 1.4100000000000e-009 32.000000000000 77.517497149453 99.999504089355 1.1625555686856 
7.4000000000000e-010 1.0000000000000e-008 1.4100000000000e-010 10.000000000000 93.264688803522 99.998786926270 0.58136146125447 
7.4000000000000e-010 1.0000000000000e-008 1.4100000000000e-009 10.000000000000 92.346528287540 99.995429992676 0.55614470517871 
7.4000000000000e-010 1.0000000000000e-008 1.4100000000000e-010 21.000000000000 82.709090434694 100.00273132324 0.92353540945638 
7.4000000000000e-010 1.0000000000000e-008 1.4100000000000e-009 21.000000000000 82.020021569955 99.985244750977 0.89295293068361 
7.4000000000000e-010 1.0000000000000e-008 1.4100000000000e-010 32.000000000000 74.876321370567 99.996574401855 1.1377507622007 
7.4000000000000e-010 1.0000000000000e-008 1.4100000000000e-009 32.000000000000 77.514707216361 100.00107574463 1.1612809604230 
7.8000000000000e-010 1.0000000000000e-009 1.4100000000000e-010 10.000000000000 89.066360689748 99.997489929199 0.60551394369788 
7.8000000000000e-010 1.0000000000000e-009 1.4100000000000e-009 10.000000000000 88.983375008510 99.967376708984 0.58706621994230 
7.8000000000000e-010 1.0000000000000e-009 1.4100000000000e-010 21.000000000000 80.138034966752 99.996025085449 0.97739064590575 
7.8000000000000e-010 1.0000000000000e-009 1.4100000000000e-009 21.000000000000 79.998353486340 99.994514465332 0.96711390975150 
7.8000000000000e-010 1.0000000000000e-009 1.4100000000000e-010 32.000000000000 71.441478654999 99.996353149414 1.1766659682609 
7.8000000000000e-010 1.0000000000000e-009 1.4100000000000e-009 32.000000000000 73.592340800123 99.998939514160 1.1987129315931 
7.8000000000000e-010 5.0000000000000e-009 1.4100000000000e-010 10.000000000000 89.066403964700 99.997467041016 0.60695397561077 
7.8000000000000e-010 5.0000000000000e-009 1.4100000000000e-009 10.000000000000 88.970957627891 99.973945617676 0.58257423070979 
7.8000000000000e-010 5.0000000000000e-009 1.4100000000000e-010 21.000000000000 80.138117430716 99.995979309082 0.97611725542856 
7.8000000000000e-010 5.0000000000000e-009 1.4100000000000e-009 21.000000000000 79.998202417550 99.994598388672 0.96938097690618 
7.8000000000000e-010 5.0000000000000e-009 1.4100000000000e-010 32.000000000000 71.441544057143 99.996315002441 1.1748213799075 
7.8000000000000e-010 5.0000000000000e-009 1.4100000000000e-009 32.000000000000 73.587480320319 100.00173950195 1.1963187637315 
7.8000000000000e-010 1.0000000000000e-008 1.4100000000000e-010 10.000000000000 89.066476089664 99.997428894043 0.60646884409599 
7.8000000000000e-010 1.0000000000000e-008 1.4100000000000e-009 10.000000000000 88.972918917471 99.972908020020 0.58451417665049 
7.8000000000000e-010 1.0000000000000e-008 1.4100000000000e-010 21.000000000000 80.139692286329 99.995918273926 0.97800941138410 
7.8000000000000e-010 1.0000000000000e-008 1.4100000000000e-009 21.000000000000 79.999163768723 99.994064331055 0.95561254046810 
7.8000000000000e-010 1.0000000000000e-008 1.4100000000000e-010 32.000000000000 71.441635620228 99.996261596680 1.1748430315864 
7.8000000000000e-010 1.0000000000000e-008 1.4100000000000e-009 32.000000000000 73.584950859496 100.00319671631 1.1976800811440 
8.2000000000000e-010 1.0000000000000e-009 1.4100000000000e-010 10.000000000000 84.821357247738 99.996528625488 0.63432851575387 
8.2000000000000e-010 1.0000000000000e-009 1.4100000000000e-009 10.000000000000 85.426021901397 99.996520996094 0.61201845864090 
8.2000000000000e-010 1.0000000000000e-009 1.4100000000000e-010 21.000000000000 76.605422099237 100.00064849854 1.0130583586101 
8.2000000000000e-010 1.0000000000000e-009 1.4100000000000e-009 21.000000000000 76.307243976706 99.988571166992 0.99273857363607 
8.2000000000000e-010 1.0000000000000e-009 1.4100000000000e-010 32.000000000000 71.447180428598 100.00098419189 1.2254208848214 
8.2000000000000e-010 1.0000000000000e-009 1.4100000000000e-009 32.000000000000 70.050432699302 100.01187896729 1.2376653726265 
8.2000000000000e-010 5.0000000000000e-009 1.4100000000000e-010 10.000000000000 84.821385450222 99.996513366699 0.63460833613467 
8.2000000000000e-010 5.0000000000000e-009 1.4100000000000e-009 10.000000000000 85.419061654189 100.00027465820 0.61482754614493 
8.2000000000000e-010 5.0000000000000e-009 1.4100000000000e-010 21.000000000000 76.604681041310 100.00106811523 1.0108422617818 
8.2000000000000e-010 5.0000000000000e-009 1.4100000000000e-009 21.000000000000 76.309813482282 99.987113952637 0.98849035867619 
8.2000000000000e-010 5.0000000000000e-009 1.4100000000000e-010 32.000000000000 71.446840342693 100.00118255615 1.2270808812203 
8.2000000000000e-010 5.0000000000000e-009 1.4100000000000e-009 32.000000000000 70.067155609306 100.00204467773 1.2311452096250 
8.2000000000000e-010 1.0000000000000e-008 1.4100000000000e-010 10.000000000000 84.821441855217 99.996482849121 0.63684570515208 
8.2000000000000e-010 1.0000000000000e-008 1.4100000000000e-009 10.000000000000 85.421636318886 99.998886108398 0.61162952649452 
8.2000000000000e-010 1.0000000000000e-008 1.4100000000000e-010 21.000000000000 76.603374099757 100.00180816650 1.0150249168117 
8.2000000000000e-010 1.0000000000000e-008 1.4100000000000e-009 21.000000000000 76.310391967689 99.986785888672 0.98832872692062 
8.2000000000000e-010 1.0000000000000e-008 1.4100000000000e-010 32.000000000000 71.436538794155 99.998771667480 1.2298750185679 
8.2000000000000e-010 1.0000000000000e-008 1.4100000000000e-009 32.000000000000 70.099456092223 99.983055114746 1.2416688454730 
8.6000000000000e-010 1.0000000000000e-009 1.4100000000000e-010 10.000000000000 80.594050099383 99.997772216797 0.66038488496708 
8.6000000000000e-010 1.0000000000000e-009 1.4100000000000e-009 10.000000000000 81.899607611908 99.993988037109 0.63972131188039 
8.6000000000000e-010 1.0000000000000e-009 1.4100000000000e-010 21.000000000000 73.184444491238 100.00021362305 1.0555009066637 
8.6000000000000e-010 1.0000000000000e-009 1.4100000000000e-009 21.000000000000 72.720310664618 99.991569519043 1.0328697601576 
8.6000000000000e-010 1.0000000000000e-009 1.4100000000000e-010 32.000000000000 68.181711715128 99.998161315918 1.2573971824890 
8.6000000000000e-010 1.0000000000000e-009 1.4100000000000e-009 32.000000000000 65.740346533822 99.994537353516 1.3014106355630 
8.6000000000000e-010 5.0000000000000e-009 1.4100000000000e-010 10.000000000000 80.601229003844 99.993797302246 0.65765851019478 
8.6000000000000e-010 5.0000000000000e-009 1.4100000000000e-009 10.000000000000 81.888949415511 99.999847412109 0.63315913641902 
8.6000000000000e-010 5.0000000000000e-009 1.4100000000000e-010 21.000000000000 73.184153808007 100.00038146973 1.0554913087470 
8.6000000000000e-010 5.0000000000000e-009 1.4100000000000e-009 21.000000000000 72.669508833404 100.02098846436 1.0282943598216 
8.6000000000000e-010 5.0000000000000e-009 1.4100000000000e-010 32.000000000000 68.185137790680 99.996124267578 1.2567929080452 
8.6000000000000e-010 5.0000000000000e-009 1.4100000000000e-009 32.000000000000 65.720280276175 100.00664520264 1.2955562613880 
8.6000000000000e-010 1.0000000000000e-008 1.4100000000000e-010 10.000000000000 80.599079406370 99.994987487793 0.65605399146428 
8.6000000000000e-010 1.0000000000000e-008 1.4100000000000e-009 10.000000000000 81.893140380188 99.997543334961 0.63431859140403 
8.6000000000000e-010 1.0000000000000e-008 1.4100000000000e-010 21.000000000000 73.183744210565 100.00061798096 1.0557118459420 
8.6000000000000e-010 1.0000000000000e-008 1.4100000000000e-009 21.000000000000 72.718320715177 99.992721557617 1.0310125673629 
8.6000000000000e-010 1.0000000000000e-008 1.4100000000000e-010 32.000000000000 68.183700618396 99.996978759766 1.2539345631414 
8.6000000000000e-010 1.0000000000000e-008 1.4100000000000e-009 32.000000000000 65.775546923728 99.973304748535 1.2990465201162 
9.0000000000000e-010 1.0000000000000e-009 1.4100000000000e-010 10.000000000000 79.071372631597 99.999961853027 0.68236311110346 
9.0000000000000e-010 1.0000000000000e-009 1.4100000000000e-009 10.000000000000 78.370618801703 100.00175476074 0.66340954792062 
9.0000000000000e-010 1.0000000000000e-009 1.4100000000000e-010 21.000000000000 69.902541573363 99.993965148926 1.0902562188556 
9.0000000000000e-010 1.0000000000000e-009 1.4100000000000e-009 21.000000000000 69.251345201004 99.999610900879 1.0773984916478 
9.0000000000000e-010 1.0000000000000e-009 1.4100000000000e-010 32.000000000000 62.277092806787 99.996948242188 1.2881924350039 
9.0000000000000e-010 1.0000000000000e-009 1.4100000000000e-009 32.000000000000 62.757067940195 99.997673034668 1.3310180345449 
9.0000000000000e-010 5.0000000000000e-009 1.4100000000000e-010 10.000000000000 79.059951872253 100.00634002686 0.67888327441887 
9.0000000000000e-010 5.0000000000000e-009 1.4100000000000e-009 10.000000000000 78.370020035897 100.00209045410 0.65686454680735 
9.0000000000000e-010 5.0000000000000e-009 1.4100000000000e-010 21.000000000000 69.902567500002 99.993949890137 1.0905122349719 
9.0000000000000e-010 5.0000000000000e-009 1.4100000000000e-009 21.000000000000 69.251461417212 99.999542236328 1.0657959366427 
9.0000000000000e-010 5.0000000000000e-009 1.4100000000000e-010 32.000000000000 62.277092806787 99.996948242188 1.2892709764760 
9.0000000000000e-010 5.0000000000000e-009 1.4100000000000e-009 32.000000000000 62.779994183921 99.983589172363 1.3312410643653 
9.0000000000000e-010 1.0000000000000e-008 1.4100000000000e-010 10.000000000000 79.062738621741 100.00478363037 0.68332645252817 
9.0000000000000e-010 1.0000000000000e-008 1.4100000000000e-009 10.000000000000 78.369121894726 100.00259399414 0.66088640880984 
9.0000000000000e-010 1.0000000000000e-008 1.4100000000000e-010 21.000000000000 69.899339694274 99.995849609375 1.0939085159198 
9.0000000000000e-010 1.0000000000000e-008 1.4100000000000e-009 21.000000000000 69.251642198297 99.999435424805 1.0673096709723 
9.0000000000000e-010 1.0000000000000e-008 1.4100000000000e-010 32.000000000000 62.277080425651 99.996955871582 1.2881837808257 
9.0000000000000e-010 1.0000000000000e-008 1.4100000000000e-009 32.000000000000 62.758930611681 99.996528625488 1.3348440144625 
9.4000000000000e-010 1.0000000000000e-009 1.4100000000000e-010 10.000000000000 76.139889346206 99.995765686035 0.70568664902423 
9.4000000000000e-010 1.0000000000000e-009 1.4100000000000e-009 10.000000000000 77.019326080534 99.997314453125 0.69772465143198 
9.4000000000000e-010 1.0000000000000e-009 1.4100000000000e-010 21.000000000000 66.715267207605 99.997329711914 1.1149740314634 
9.4000000000000e-010 1.0000000000000e-009 1.4100000000000e-009 21.000000000000 65.220083705888 99.991813659668 1.1044177467946 
9.4000000000000e-010 1.0000000000000e-009 1.4100000000000e-010 32.000000000000 61.550729501888 99.996055603027 1.3360394388576 
9.4000000000000e-010 1.0000000000000e-009 1.4100000000000e-009 32.000000000000 60.217657539208 99.992958068848 1.3888667283657 
9.4000000000000e-010 5.0000000000000e-009 1.4100000000000e-010 10.000000000000 76.138773918250 99.996398925781 0.70716524048647 
9.4000000000000e-010 5.0000000000000e-009 1.4100000000000e-009 10.000000000000 77.020609147056 99.996589660645 0.68747967904801 
9.4000000000000e-010 5.0000000000000e-009 1.4100000000000e-010 21.000000000000 66.715203609104 99.997367858887 1.1170400571269 
9.4000000000000e-010 5.0000000000000e-009 1.4100000000000e-009 21.000000000000 65.221293921859 99.991081237793 1.1067055699086 
9.4000000000000e-010 5.0000000000000e-009 1.4100000000000e-010 32.000000000000 61.550877411968 99.995964050293 1.3334630837160 
9.4000000000000e-010 5.0000000000000e-009 1.4100000000000e-009 32.000000000000 60.218562157171 99.992393493652 1.3855461869091 
9.4000000000000e-010 1.0000000000000e-008 1.4100000000000e-010 10.000000000000 76.138814234677 99.996376037598 0.70809360816850 
9.4000000000000e-010 1.0000000000000e-008 1.4100000000000e-009 10.000000000000 77.009021705023 100.00313568115 0.68790026626236 
9.4000000000000e-010 1.0000000000000e-008 1.4100000000000e-010 21.000000000000 66.715101851602 99.997428894043 1.1189943093359 
9.4000000000000e-010 1.0000000000000e-008 1.4100000000000e-009 21.000000000000 65.221495626245 99.990959167480 1.0970490793583 
9.4000000000000e-010 1.0000000000000e-008 1.4100000000000e-010 32.000000000000 61.549558556649 99.996780395508 1.3330504214588 
9.4000000000000e-010 1.0000000000000e-008 1.4100000000000e-009 32.000000000000 60.220188050270 99.991378784180 1.3868195746215 
9.8000000000000e-010 1.0000000000000e-009 1.4100000000000e-010 10.000000000000 72.972032667212 99.996337890625 0.72497131444890 
9.8000000000000e-010 1.0000000000000e-009 1.4100000000000e-009 10.000000000000 73.883408003297 99.961090087891 0.74854295133167 
9.8000000000000e-010 1.0000000000000e-009 1.4100000000000e-010 21.000000000000 63.662010301531 99.996871948242 1.1482443620493 
9.8000000000000e-010 1.0000000000000e-009 1.4100000000000e-009 21.000000000000 62.087593952981 99.998130798340 1.1475226196521 
9.8000000000000e-010 1.0000000000000e-009 1.4100000000000e-010 32.000000000000 58.997828796897 100.00564575195 1.3651717396930 
9.8000000000000e-010 1.0000000000000e-009 1.4100000000000e-009 32.000000000000 57.788153210242 99.984001159668 1.4230019558803 
9.8000000000000e-010 5.0000000000000e-009 1.4100000000000e-010 10.000000000000 72.972006272812 99.996353149414 0.73325105320293 
9.8000000000000e-010 5.0000000000000e-009 1.4100000000000e-009 10.000000000000 73.814172066767 100.00090789795 0.74047894521891 
9.8000000000000e-010 5.0000000000000e-009 1.4100000000000e-010 21.000000000000 63.662172630235 99.996772766113 1.1450203920439 
9.8000000000000e-010 5.0000000000000e-009 1.4100000000000e-009 21.000000000000 62.091959456768 99.995437622070 1.1395449047642 
9.8000000000000e-010 5.0000000000000e-009 1.4100000000000e-010 32.000000000000 59.012022031362 99.996719360352 1.3653876229540 
9.8000000000000e-010 5.0000000000000e-009 1.4100000000000e-009 32.000000000000 57.765099582529 99.998611450195 1.4199718645601 
9.8000000000000e-010 1.0000000000000e-008 1.4100000000000e-010 10.000000000000 72.971979878420 99.996368408203 0.73900335136476 
9.8000000000000e-010 1.0000000000000e-008 1.4100000000000e-009 10.000000000000 73.813906850200 100.00106048584 0.74191586699911 
9.8000000000000e-010 1.0000000000000e-008 1.4100000000000e-010 21.000000000000 63.662509775497 99.996566772461 1.1494207797501 
9.8000000000000e-010 1.0000000000000e-008 1.4100000000000e-009 21.000000000000 62.096943591349 99.992362976074 1.1400087119562 
9.8000000000000e-010 1.0000000000000e-008 1.4100000000000e-010 32.000000000000 58.992497199457 100.00741577148 1.3677319766507 
9.8000000000000e-010 1.0000000000000e-008 1.4100000000000e-009 32.000000000000 57.765641235394 99.998268127441 1.4228720287672 
